C(136,151),C2(205 151)
E(170.073626,138.315926)
upe1=-11.224332,upe2=10.516637
xp=136.829380,yp=168.180055
upp1=-13.979064,upp2=54.281853
upp1p=3.830729,upp2p=68.898903
(Z1/Z1p)=0.945640,(Z2/Z2p)=1.012551
(de1+delta_d1)/de1=-0.289786,(de1+delta_d1)/de1=-0.289786
delta_d1=-44.603336,delta_d2=9.036149
de1=34.581962,dp1=-10.021373
de2=35.638991,dp2=44.675140
Z1=1.282287, Z1p=1.356000, Z2=1.282217, Z2p=1.266323
xpr=110.104160,ypr=166.636745
