C1(136/280,151/170)
C2(205/280,151/170)
px1=280/704,px2=690/704
E(160.000000,60.000000)
up1=-71,up2=339
dx=6.245181,dy=5.079024
upp1=-13.979064,upp2=54.281853
theta_c1=4.042183,theta_c2=2.206096
xpr=110.104160,ypr=166.636745
