C1(136/280,151/170)
C2(205/280,151/170)
px1=0/704,px2=0/704
E(160.000000,60.000000)
up1=-351,up2=-351
dx=27.700000,dy=27.700000
upp1=-12.671480,upp2=-12.671480
theta_c1=3.141593,theta_c2=3.141593
xpr=-1.#IND00,ypr=-1.#IND00
